&datin
xin = 24254.450       2425.4450       485.08899       242.54450       161.69633
       121.27225       97.017798       80.848165       69.298427       60.636124
       53.898777       48.508899       44.098999       40.424083       34.649214
       30.318062       26.949388       24.254450       22.049500       20.212041
       17.324607       15.159031       13.474694       12.127225       8.0848165
       6.0636124       4.8508899       4.0424083       3.0318062       2.4254450
       1.2127225      0.80848165      0.48508899      0.32339266      0.24254450

/

[0.00000D+00, 0.00000D+00, 0d0, 0d0, 0d0, 0d0, 0d0, 0d0, 0.16234D-33, 0.12210D-29, 0.12982D-26, 0.34994D-24, 0.34699D-22, 0.16228D-20, 0.70615D-18, 0.69610D-16, 0.25399D-14, 0.46091D-13, 0.50225D-12, 0.37278D-11, 0.89822D-10, 0.10094D-08, 0.67945D-08, 0.31865D-07, 0.38454D-05, 0.48843D-04, 0.24400D-03, 0.75252D-03, 0.33759D-02, 0.89673D-02, 0.89970D-01, 0.24520D+00, 0.69086D+00, 0.13871D+01, 0.21670D+01]

